,Model,yearly_RMSE,yearly_MAE,yearly_R2,yearly_sMAPE,avg_quarterly_RMSE,var_quarterly_RMSE,max_quarterly_RMSE,avg_quarterly_sMAPE,var_quarterly_sMAPE,max_quarterly_sMAPE
0,"ARIMA, Uni",12526.194701498403,10593.30434851269,0.7965598688120944,81.97580364038767,12329.95362674433,6503729.682907981,14901.720431423675,81.97580364038768,4069.500925979248,163.4538526724711
1,"ExponentialSmoothing, Uni",11312.620569311135,9987.795880033635,0.834070061094671,84.66755191388441,11275.771384331934,1109818.4446433291,12544.634831126055,84.66755191388441,3511.9130411464,161.14088584356696
2,"Prophet, Uni",16242.641876818094,12980.648620234939,0.6579326294026305,117.48842891383357,14235.041708735575,81582670.25216463,27310.90796433103,117.48842891383359,4313.415189021115,200.0
3,"NBEATSModel, Uni",8942.279653403828,7369.673800347723,0.8963200434677512,87.57201690712292,8521.032040809047,9808504.478914266,12660.272517479625,87.57201690712292,6276.249383488216,200.0
4,"LinearRegression, Uni",12464.42538291469,10010.866633116402,0.798561334522622,78.45555367704225,11946.089358804804,16870465.54359815,15711.378390843962,78.45555367704225,4207.751809556505,162.56828248848896
5,"XGBRegressor, Uni",13095.696828519198,10149.122514832012,0.7776405781182986,85.87884227182576,12450.193676930063,21986603.77522457,16798.921774686827,85.87884227182575,3864.8794528683425,159.84047580186774
6,NBEATSModel,23752.010118520382,19992.120121850334,0.26852573598775464,111.1262489688673,22124.090522331884,99576804.306612,29233.656535476628,111.1262489688673,3261.41319310077,192.76910538915635
7,LinearRegression,14988.621813826338,13287.552007640277,0.7087125892811392,89.96785700550781,14774.376258710005,8502120.058635876,16869.994318539808,89.96785700550782,3131.973684365708,162.36142385618254
8,XGBRegressor,9982.80524487061,7842.390224348174,0.8707878037139635,63.31653302522286,9830.692858158542,4018504.647422341,12168.026343826117,63.31653302522285,3799.6997992152683,149.81499417495408
9,Multi Model,12526.194701498403,10593.30434851269,0.7965598688120944,81.97580364038767,12329.95362674433,6503729.682907981,14901.720431423675,81.97580364038768,4069.500925979248,163.4538526724711
10,"NBEATSModel, MinT",20428.10322960047,16918.098219101885,0.4589288236330076,100.95670028086141,19598.43056222272,44278561.4092636,25938.88581014359,100.95670028086141,3429.5651057211358,184.87175815804906
11,"NBEATSModel, Top Down",23752.010118520382,19992.120121850334,0.26852573598775464,111.1262489688673,22124.090522331884,99576804.306612,29233.656535476628,111.1262489688673,3261.41319310077,192.76910538915635
12,"NBEATSModel, Bottom Up",26406.716467681967,20423.944959280354,0.09587783519647874,97.41690580305537,25544.599124705965,59717506.88348963,37063.6988071568,97.41690580305537,606.3851917799999,119.53870140853512
13,"LinearRegression, MinT",14988.621813826334,13287.552007640274,0.7087125892811394,89.96785700550781,14774.376258710001,8502120.058635896,16869.994318539808,89.9678570055078,3131.973684365707,162.36142385618254
14,"LinearRegression, Top Down",14988.621813826338,13287.552007640277,0.7087125892811392,89.96785700550781,14774.376258710005,8502120.058635876,16869.994318539808,89.96785700550782,3131.973684365708,162.36142385618254
15,"LinearRegression, Bottom Up",14988.621813826294,13287.552007640223,0.708712589281141,89.9678570055075,14774.376258709957,8502120.058635961,16869.99431853975,89.96785700550748,3131.973684365709,162.36142385618237
16,"XGBRegressor, MinT",9898.323400447858,7971.983247864246,0.8729655271948268,67.89170124086559,9321.462470043214,14782858.079239337,13071.813685681407,67.89170124086559,3542.318587967164,145.88727708089695
17,"XGBRegressor, Top Down",9982.80524487061,7842.390224348174,0.8707878037139635,63.31653302522286,9830.692858158542,4018504.647422341,12168.026343826117,63.31653302522285,3799.6997992152683,149.81499417495408
18,"XGBRegressor, Bottom Up",16774.996180300128,13566.677755785133,0.6351425896317692,92.75487823362795,15453.8602412313,56771600.65809902,24698.627379737492,92.75487823362795,3601.1515205197393,163.09439462446292
19,"Multi Model, MinT",37312.42384539759,33943.671625442425,-0.8051164983964274,161.7514863559792,35442.77189513431,181369191.4774299,54074.423594965694,161.7514863559792,217.3116593600715,179.77782522285486
20,"Multi Model, Top Down",97097.32994601285,86217.65875787163,-11.223987200119653,185.92502933751499,88596.26872470164,2104790200.9404488,152419.19966131437,185.92502933751499,130.599027281633,200.0
21,"Multi Model, Bottom Up",22850.390139319974,21189.54322999521,0.32300486100657266,124.12877506608181,22627.725230221837,13501840.566284804,25413.99317303217,124.12877506608183,2626.000227001694,173.5910876198411
