,Model,yearly_RMSE,yearly_MAE,yearly_R2,yearly_sMAPE,avg_quarterly_RMSE,var_quarterly_RMSE,max_quarterly_RMSE,avg_quarterly_sMAPE,var_quarterly_sMAPE,max_quarterly_sMAPE
0,"ARIMA, Uni",12526.194701498403,10593.30434851269,0.7965598688120944,81.97580364038767,12329.95362674433,6503729.682907981,14901.720431423675,81.97580364038768,4069.500925979248,163.4538526724711
1,"ExponentialSmoothing, Uni",11312.620569311135,9987.795880033635,0.834070061094671,84.66755191388441,11275.771384331934,1109818.4446433291,12544.634831126055,84.66755191388441,3511.9130411464,161.14088584356696
2,"Prophet, Uni",16242.641876818094,12980.648620234939,0.6579326294026305,117.48842891383357,14235.041708735575,81582670.25216463,27310.90796433103,117.48842891383359,4313.415189021115,200.0
3,"NBEATSModel, Uni",8942.279653403828,7369.673800347723,0.8963200434677512,87.57201690712292,8521.032040809047,9808504.478914266,12660.272517479625,87.57201690712292,6276.249383488216,200.0
4,"LinearRegression, Uni",12464.42538291469,10010.866633116402,0.798561334522622,78.45555367704225,11946.089358804804,16870465.54359815,15711.378390843962,78.45555367704225,4207.751809556505,162.56828248848896
5,"XGBRegressor, Uni",13095.696828519198,10149.122514832012,0.7776405781182986,85.87884227182576,12450.193676930063,21986603.77522457,16798.921774686827,85.87884227182575,3864.8794528683425,159.84047580186774
6,NBEATSModel,11747.047853486301,9689.51180413217,0.8210812780431684,73.029141495865,11195.417023292794,16874361.262217354,17344.62209518508,73.02914149586499,2476.8897358812624,137.27804807740776
7,LinearRegression,14126.858280752658,10841.087682228457,0.7412445605011075,74.4314447607836,13690.019998527008,16201969.765867377,17282.329141862127,74.43144476078359,3466.7622323595174,153.4048752855875
8,XGBRegressor,14468.105138632329,11438.900614497232,0.7285926381478087,90.43858919739186,13879.996426159241,22229020.683101177,18481.683888804593,90.43858919739188,3411.2310956078945,156.36619963730135
9,Multi Model,12526.194701498403,10593.30434851269,0.7965598688120944,81.97580364038767,12329.95362674433,6503729.682907981,14901.720431423675,81.97580364038768,4069.500925979248,163.4538526724711
10,"NBEATSModel, MinT",15576.606326307432,13349.93810772753,0.6854106621365113,99.78004380121017,15515.706032780927,2524707.932114994,16888.843249903228,99.78004380121016,5099.080326342375,192.8468082527382
11,"NBEATSModel, Top Down",14234.111035654572,12316.145662936478,0.7373006428549713,93.68630945616309,13954.836322303103,10496613.590764392,17586.947384587784,93.6863094561631,4872.885088389045,188.01411792062413
12,"NBEATSModel, Bottom Up",11747.047853486301,9689.51180413217,0.8210812780431684,73.029141495865,11195.417023292794,16874361.262217354,17344.62209518508,73.02914149586499,2476.8897358812624,137.27804807740776
13,"LinearRegression, MinT",11745.331323068314,8953.813900021996,0.8211335630076282,82.82402736882949,10659.228179647955,32444883.33713147,17510.829363610486,82.82402736882949,4868.1419289449605,164.94593073759862
14,"LinearRegression, Top Down",12232.741485596222,10176.263439068396,0.8059802649375539,95.39048282987756,11578.98092553964,20756219.97255473,14871.18229787182,95.39048282987756,6993.025944585428,200.0
15,"LinearRegression, Bottom Up",14126.858280752658,10841.087682228457,0.7412445605011075,74.4314447607836,13690.019998527008,16201969.765867377,17282.329141862127,74.43144476078359,3466.7622323595174,153.4048752855875
16,"XGBRegressor, MinT",10542.599373002004,7860.871272133277,0.855890132776693,76.90851153158788,10312.17055644327,6407386.605928965,13680.8858162089,76.90851153158789,4468.473433241544,155.42651860812333
17,"XGBRegressor, Top Down",11483.636254165202,9457.021249273095,0.8290153330280209,91.43512938595912,10997.63781763714,14567818.73340639,15624.06977157928,91.43512938595912,2576.39350104031,138.08426403590073
18,"XGBRegressor, Bottom Up",14468.105138632329,11438.900614497232,0.7285926381478087,90.43858919739186,13879.996426159241,22229020.683101177,18481.683888804593,90.43858919739188,3411.2310956078945,156.36619963730135
19,"Multi Model, MinT",12614.3736083725,10784.22542218978,0.7936855289822766,82.59296362892385,12455.388207224245,5314301.5185918,14865.160797714445,82.59296362892385,3975.5336660237735,163.49500560877934
20,"Multi Model, Top Down",41758.4061261381,29921.151594608105,-1.2609249109007603,179.45799974056766,31746.882490953703,981199912.4014196,76587.70690296838,179.4579997405677,1190.3272466136148,200.0
21,"Multi Model, Bottom Up",12526.194701498403,10593.30434851269,0.7965598688120944,81.97580364038767,12329.95362674433,6503729.682907981,14901.720431423675,81.97580364038768,4069.500925979248,163.4538526724711
