,Model,yearly_RMSE,yearly_MAE,yearly_R2,yearly_sMAPE,avg_quarterly_RMSE,var_quarterly_RMSE,max_quarterly_RMSE,avg_quarterly_sMAPE,var_quarterly_sMAPE,max_quarterly_sMAPE
0,"ARIMA, Uni",12526.194701498403,10593.30434851269,0.7965598688120944,81.97580364038767,12329.95362674433,6503729.682907981,14901.720431423675,81.97580364038768,4069.500925979248,163.4538526724711
1,"ExponentialSmoothing, Uni",11312.620569311135,9987.795880033635,0.834070061094671,84.66755191388441,11275.771384331934,1109818.4446433291,12544.634831126055,84.66755191388441,3511.9130411464,161.14088584356696
2,"Prophet, Uni",16242.641876818094,12980.648620234939,0.6579326294026305,117.48842891383357,14235.041708735575,81582670.25216463,27310.90796433103,117.48842891383359,4313.415189021115,200.0
3,"LinearRegression, Uni",12464.42538291469,10010.866633116402,0.798561334522622,78.45555367704225,11946.089358804804,16870465.54359815,15711.378390843962,78.45555367704225,4207.751809556505,162.56828248848896
4,"XGBRegressor, Uni",13095.696828519198,10149.122514832012,0.7776405781182986,85.87884227182576,12450.193676930063,21986603.77522457,16798.921774686827,85.87884227182575,3864.8794528683425,159.84047580186774
5,LinearRegression,13185.509927778096,10900.661398510121,0.7745801421493188,75.08377562468952,12910.846167748674,9556964.384352142,16767.250877833598,75.08377562468952,2484.8836039087023,139.37281918509677
6,XGBRegressor,13665.79619032223,11045.767689301822,0.7578590788073583,97.71984811290014,13089.564625363435,20556377.911812972,18989.708116310143,97.71984811290014,3262.559534536493,138.83078107198014
7,Multi Model,12526.194701498403,10593.30434851269,0.7965598688120944,81.97580364038767,12329.95362674433,6503729.682907981,14901.720431423675,81.97580364038768,4069.500925979248,163.4538526724711
8,"LinearRegression, MinT",11292.212091174975,8511.581278448562,0.8346682112616628,77.31926166577018,10049.045557548625,35374316.39252074,18361.7436044002,77.31926166577017,7228.336291701729,200.0
9,"LinearRegression, Top Down",13296.151660629732,10456.902694025574,0.7707812014723505,86.35466721110606,12080.541346284688,41130893.0175639,17507.935301585963,86.35466721110606,7154.538112034523,200.0
10,"LinearRegression, Bottom Up",13185.509927778043,10900.661398510087,0.7745801421493207,75.08377562468979,12910.84616774862,9556964.38435215,16767.250877833554,75.08377562468979,2484.883603908796,139.3728191850988
11,"XGBRegressor, MinT",10229.725143951913,7859.362894100565,0.8643167487584617,92.34162169399967,9805.839164992987,11323726.388122126,13857.67966606287,92.34162169399966,5949.052996930364,196.48058596085107
12,"XGBRegressor, Top Down",10634.552881096537,8683.870507176993,0.8533652909683342,99.864484422594,10238.849072126583,11012912.878735008,12774.133103843464,99.864484422594,5747.819204503862,200.0
13,"XGBRegressor, Bottom Up",18259.333328677007,15230.565257800039,0.5677170115840302,89.9000403874985,17363.43955953673,42552293.69339972,24412.197971934726,89.9000403874985,2522.4205236530033,160.45816338578564
14,"Multi Model, MinT",11844.04638784235,9905.00623811067,0.8181143188778771,77.67660758723666,11713.99322173484,4085063.5180155872,14429.303751827292,77.67660758723665,3637.22799639798,157.44955929053995
15,"Multi Model, Top Down",16055.323180464842,13817.139804301534,0.6657769366961883,94.62926254837606,15067.217516354778,41003144.9920313,24249.192691342567,94.62926254837606,2530.505304746781,154.98938645142314
16,"Multi Model, Bottom Up",22850.390139319974,21189.54322999521,0.32300486100657266,124.12877506608181,22627.725230221837,13501840.566284804,25413.99317303217,124.12877506608183,2626.000227001694,173.5910876198411
